xy pr pq qs
07 01 02 02
05 01 03 03
26 01 03 06
22 02 03 03
17 01 04 08
63 01 04 12
45 03 04 04
04 01 05 05
14 01 05 10
39 01 05 15
88 02 05 10
27 03 05 05
76 04 05 05
31 01 06 18
74 01 06 24
27 01 07 21
40 02 07 14
18 03 07 07
65 05 07 07
11 01 08 16
49 01 08 32
95 01 08 40
23 01 09 27
44 01 09 36
80 01 09 45
94 02 09 27
40 05 09 09
23 02 06 09
03 02 10 05
47 02 10 25
25 02 12 24
79 02 14 49
99 06 14 21
07 02 18 18
13 02 18 27
46 03 06 08
07 03 12 08
13 03 12 12
77 03 12 28
19 06 12 08
29 03 15 25
34 06 15 15
64 06 15 20
11 03 21 21
25 03 21 35
47 03 21 49
26 09 21 14
43 06 24 32
89 09 24 32
41 08 12 09
23 04 20 25
27 08 20 15
73 08 20 25
13 08 28 14
55 08 28 35
67 08 36 54
91 08 36 63
37 12 36 27
85 20 36 27
22 05 10 08
91 05 10 14
11 05 15 09
49 05 15 21
93 05 15 27
19 05 30 30
51 05 30 54
09 05 35 21
31 05 35 49
32 10 35 28
46 10 35 35
86 10 35 49
13 05 40 32
81 15 40 40
44 05 45 81
56 10 45 54
71 25 45 27
19 06 12 08
43 06 24 32
25 07 14 10
68 07 14 16
20 07 21 15
57 07 21 27
09 07 28 12
38 07 28 32
17 07 35 25
87 21 35 25
05 07 56 16
25 07 56 56
45 21 56 32
08 07 63 27
58 14 63 63
29 21 63 27
29 16 40 20
59 16 56 49
17 16 72 27
85 32 72 45
38 18 45 25
98 27 45 30
23 09 63 49
73 27 72 48
